DEPTH = 6
DEPTH = 6
DEPTH = 6
DEPTH = 6
N_PROC = 4
N_PROC = 4
N_PROC = 4
N_PROC = 4
0.119518
0.086888
0.013442
0.017403
0.001413
