DEPTH = 8
DEPTH = 8
DEPTH = 8
DEPTH = 8
N_PROC = 4
N_PROC = 4
N_PROC = 4
N_PROC = 4
3.175964
2.135040
0.434696
0.362435
0.009699
