DEPTH = 10
DEPTH = 10
DEPTH = 10
DEPTH = 10
N_PROC = 4
N_PROC = 4
N_PROC = 4
N_PROC = 4
127.521890
75.498506
14.058499
7.541025
0.021070
