DEPTH = 7
DEPTH = 7
DEPTH = 7
DEPTH = 7
N_PROC = 4
N_PROC = 4
N_PROC = 4
N_PROC = 4
0.545080
0.339763
0.083366
0.083074
0.003880
