DEPTH = 2
DEPTH = 2
DEPTH = 2
DEPTH = 2
N_PROC = 4
N_PROC = 4
N_PROC = 4
N_PROC = 4
0.000884
0.000908
0.001388
0.000778
0.000335
