DEPTH = 9
DEPTH = 9
DEPTH = 9
DEPTH = 9
N_PROC = 4
N_PROC = 4
N_PROC = 4
N_PROC = 4
20.091693
13.169342
2.817960
2.018671
0.043341
